100 30
54 32 133974
45 81 75059
95 72 177879
93 80 23402
86 93 44000
99 39 101040
39 34 95063
73 93 120030
72 43 189086
39 21 702
13 87 189039
37 72 143626
72 45 7395
5 93 81068
19 15 98567
51 86 151366
20 72 175496
42 73 194152
98 93 43971
13 57 89078
44 19 102963
56 27 75684
100 73 144429
82 13 92183
73 94 31111
69 71 175177
1 71 82942
19 47 57594
58 86 147870
11 19 116663
70 72 115844
72 91 35531
36 93 121856
73 83 50951
41 29 82364
33 41 99037
2 26 89581
35 27 75363
54 97 35543
48 54 115916
93 46 167990
3 72 159529
41 8 184937
60 48 167732
31 86 15835
54 1 58834
45 86 27449
61 71 165468
77 95 136752
64 86 145454
12 48 148791
65 54 55739
54 52 40516
54 67 57555
73 79 21238
86 88 87206
28 86 168214
27 26 101392
57 39 14495
41 26 91412
45 25 6477
90 73 49938
49 54 74228
30 19 162113
7 39 198091
39 78 155895
41 68 199411
89 19 109495
77 74 134078
13 85 101576
92 71 101651
24 93 147720
19 9 75821
73 56 38757
39 50 162494
55 48 85122
63 86 100578
84 19 169842
38 93 13394
75 93 32775
4 71 42873
23 71 15997
18 19 105448
53 93 165837
19 48 13942
17 41 57799
62 13 116821
14 72 108208
66 56 36195
45 76 158161
10 73 20585
87 77 5393
73 16 144545
40 73 70318
22 86 116762
41 19 141230
59 39 105278
96 72 187373
6 27 90160
73 83 26 78 21 78 50 86 9 80 100 23 72 28 80 30 87 84 20 81 84 74 49 55 38 30 34 30 18 52