100 3
43 22 1
16 62 1
90 83 1
48 40 1
79 52 1
51 20 1
20 95 1
31 74 1
55 92 1
92 68 1
19 15 1
14 55 1
19 31 1
37 98 1
73 16 1
57 88 1
25 45 1
59 60 1
96 37 1
63 40 1
20 11 1
69 31 1
78 73 1
98 8 1
66 20 1
27 73 1
50 9 1
9 42 1
82 37 1
45 11 1
44 40 1
44 88 1
58 60 1
32 53 1
97 28 1
100 97 1
70 40 1
83 30 1
47 45 1
2 92 1
33 48 1
16 46 1
73 13 1
98 4 1
32 21 1
28 32 1
5 59 1
84 61 1
89 97 1
32 12 1
48 83 1
41 80 1
67 28 1
35 61 1
65 88 1
45 52 1
77 20 1
88 36 1
1 83 1
17 40 1
56 88 1
37 26 1
18 94 1
18 42 1
73 60 1
19 9 1
48 93 1
23 52 1
45 6 1
10 19 1
75 83 1
76 73 1
43 61 1
45 39 1
49 42 1
16 84 1
29 55 1
80 98 1
77 83 1
7 92 1
59 71 1
24 97 1
54 42 1
99 92 1
43 85 1
34 19 1
56 97 1
80 59 1
37 92 1
72 80 1
98 87 1
31 81 1
61 64 1
43 52 1
3 84 1
61 91 1
31 86 1
55 31 1
38 40 1
1 2 3