1000 3
165 667 2
312 14 2
745 226 2
933 202 1
475 222 1
379 644 1
350 871 1
221 246 2
360 246 1
654 824 1
32 98 2
304 697 2
327 913 2
771 636 2
385 614 2
775 109 1
857 9 2
27 791 2
600 752 1
505 574 2
357 621 2
505 775 1
3 386 1
3 342 1
714 507 1
623 739 1
778 158 1
251 834 1
304 833 1
882 55 1
716 238 2
252 902 1
768 813 2
226 494 2
21 764 2
771 281 2
363 657 1
2 316 1
626 965 2
929 670 2
25 299 2
258 858 1
275 722 2
991 504 2
860 103 2
321 645 2
595 120 2
403 666 2
745 245 1
521 648 1
15 854 1
570 698 1
200 435 2
47 212 1
507 509 1
29 644 1
491 848 2
423 500 2
956 813 2
481 91 2
762 65 2
583 508 2
395 502 2
679 275 1
79 524 1
661 971 1
707 798 2
837 643 1
409 960 2
809 301 1
954 45 1
734 418 2
628 481 2
69 757 1
816 308 2
265 147 1
168 78 1
272 635 2
633 26 2
924 147 1
267 647 2
161 157 2
547 161 1
758 483 2
630 160 1
543 259 1
430 997 1
371 904 1
909 153 2
657 277 2
342 21 1
328 200 2
359 286 2
711 475 2
138 387 2
177 44 1
529 850 1
522 778 2
326 306 1
325 312 2
337 626 1
889 871 1
637 403 2
249 603 1
368 975 1
689 27 1
949 488 1
954 141 2
483 913 1
970 499 1
161 135 1
348 698 1
551 432 2
63 60 2
917 870 2
996 829 2
494 472 2
778 596 2
230 770 1
895 598 1
294 323 2
825 334 1
954 11 2
248 401 1
125 504 2
758 859 2
579 795 1
598 180 2
739 86 1
669 960 1
895 425 1
815 716 1
318 790 1
504 319 1
784 507 2
757 544 2
294 970 2
415 146 2
482 641 1
298 505 2
80 580 2
909 908 1
849 406 1
186 346 2
430 862 1
171 445 1
786 614 1
458 196 1
657 559 1
430 511 2
888 592 1
145 508 1
652 406 1
403 330 2
227 349 1
461 359 1
199 623 2
963 270 1
388 773 1
600 890 1
670 818 1
626 523 1
465 706 2
278 176 2
321 316 1
516 434 2
115 720 1
275 369 1
854 817 2
476 619 1
518 147 1
756 465 1
255 65 1
324 247 2
146 888 1
894 111 2
230 348 2
999 623 2
681 764 1
9 443 1
932 422 1
736 814 1
579 672 2
27 339 2
63 849 2
189 198 2
927 400 1
618 163 1
80 188 1
66 698 1
124 985 1
907 758 2
905 631 2
979 176 1
417 378 1
33 827 2
681 974 2
619 362 2
262 164 2
351 99 2
200 847 2
480 850 2
644 920 1
198 793 2
301 568 2
842 585 2
41 594 2
370 149 2
920 915 2
487 725 2
915 815 2
583 712 2
12 576 1
766 874 1
190 320 1
171 735 2
949 556 2
627 82 2
403 562 1
824 653 2
613 92 1
719 991 1
995 480 1
241 951 1
434 779 1
22 950 1
767 426 1
538 472 1
661 475 1
22 23 2
614 824 1
973 378 1
275 919 2
595 239 1
399 44 2
504 622 2
357 843 2
230 59 1
691 882 1
765 681 2
392 993 1
696 79 1
591 928 2
757 755 2
386 510 2
996 819 2
485 824 2
846 235 2
940 939 2
927 62 2
390 16 1
520 687 2
434 113 2
348 39 2
616 38 1
427 978 1
430 633 1
103 629 2
692 993 2
85 579 1
149 543 1
687 318 2
78 390 1
681 175 1
600 467 1
758 400 1
796 476 2
764 75 2
595 172 2
378 812 2
131 644 2
748 349 2
865 381 2
627 732 2
51 528 2
107 472 2
585 308 1
93 587 2
95 343 1
251 426 2
684 27 1
678 278 2
274 921 2
337 295 2
84 403 2
378 174 2
382 522 1
508 814 2
768 577 2
320 324 1
746 78 2
915 867 2
703 474 2
542 388 2
470 698 1
680 357 1
894 197 1
822 791 2
5 848 1
820 270 2
390 208 2
579 304 1
427 882 1
755 194 2
149 87 2
638 426 2
584 507 1
643 532 2
647 814 1
487 94 1
416 325 2
751 386 2
340 358 2
662 458 2
123 572 1
15 256 1
805 56 2
218 991 1
296 739 2
227 550 2
677 780 1
173 619 2
80 346 1
79 142 1
436 277 2
275 63 2
273 644 2
178 246 2
334 938 1
157 455 2
790 637 1
54 294 2
127 148 2
581 655 1
503 854 1
773 958 1
483 374 1
326 181 2
861 889 2
650 600 2
572 452 2
389 952 2
643 619 1
811 805 1
116 124 1
597 940 2
489 274 2
492 313 2
413 348 1
417 366 1
625 805 2
780 659 2
494 743 1
114 234 2
96 758 2
855 357 1
998 269 1
531 111 1
836 745 1
977 771 1
996 783 2
12 658 2
850 588 1
77 532 1
390 763 1
169 695 2
838 342 1
61 710 2
870 954 2
286 375 1
4 639 1
618 69 2
940 225 2
456 824 1
697 155 2
534 954 1
344 585 1
203 687 2
138 705 1
147 962 2
241 227 1
891 161 2
598 220 1
791 737 1
982 734 2
614 540 1
93 874 1
972 278 1
343 848 2
127 844 1
564 557 2
438 246 1
352 342 1
923 4 2
980 768 2
612 230 1
586 259 2
674 481 1
153 955 2
26 695 1
661 681 1
274 953 1
726 635 1
940 274 2
340 22 2
447 390 1
617 773 2
513 715 2
674 139 2
52 368 2
673 217 2
274 351 2
564 439 1
410 164 2
368 935 2
426 839 2
791 618 1
702 282 2
870 293 1
434 154 2
823 583 2
343 284 1
476 917 1
558 438 1
227 429 2
301 338 2
47 147 1
451 915 1
68 124 1
251 603 1
40 902 1
108 386 1
133 230 1
781 957 2
545 343 1
199 431 1
657 851 2
164 402 1
94 973 1
386 934 2
948 276 2
798 724 1
860 713 1
610 805 1
12 180 1
821 21 2
912 1000 2
699 632 2
259 994 1
276 18 1
598 683 2
482 537 1
631 232 1
996 268 2
856 213 1
933 211 2
253 790 2
171 630 2
500 236 2
48 217 2
858 727 1
670 162 2
241 655 2
831 569 2
274 201 2
417 989 1
784 734 1
894 651 1
638 702 2
67 583 1
122 480 2
704 715 2
801 277 2
404 337 2
311 139 2
599 621 1
885 618 1
554 716 1
790 287 2
509 663 2
661 682 2
435 444 2
785 188 2
670 25 2
932 925 2
675 753 2
433 913 2
918 430 2
320 44 2
125 244 2
393 243 1
565 934 2
655 289 2
607 316 1
560 932 1
632 4 1
664 202 2
598 20 1
828 43 2
346 750 2
167 61 1
626 321 1
915 37 1
285 509 2
745 605 1
257 987 2
932 889 1
579 277 1
271 768 1
78 731 1
183 342 1
205 313 2
351 648 2
389 428 1
856 206 2
992 16 1
157 307 1
627 780 1
692 266 1
631 932 1
606 621 2
227 215 1
254 887 2
370 334 2
718 493 1
860 188 2
718 58 1
332 82 2
36 33 1
301 715 1
14 216 1
692 463 1
61 968 1
589 718 2
513 164 2
248 981 1
909 957 1
733 406 1
450 967 1
988 647 1
641 940 2
473 202 1
475 114 1
93 614 1
237 475 1
633 442 1
854 450 2
424 483 2
432 236 2
630 397 1
564 270 1
329 389 1
199 512 1
252 942 2
238 121 2
227 976 2
945 960 2
218 831 2
325 555 1
349 336 2
964 25 2
728 252 1
508 984 1
692 671 1
522 695 1
902 535 1
998 493 2
357 468 2
81 25 1
738 979 2
512 376 2
368 773 2
688 477 2
536 949 2
778 804 2
703 706 2
888 133 1
127 303 1
816 270 2
920 484 1
241 166 2
563 15 2
849 28 1
127 185 1
747 94 1
909 792 1
771 928 1
894 566 2
941 472 1
12 642 1
466 263 2
97 758 1
16 914 1
784 283 1
483 686 1
909 279 1
153 561 2
149 990 1
32 33 2
702 604 2
194 355 1
749 459 2
302 598 2
898 882 2
723 252 2
585 904 1
575 472 1
631 204 2
207 906 1
372 624 2
516 194 1
235 655 1
986 897 2
934 534 2
152 912 1
95 335 2
240 904 1
71 147 1
380 585 1
695 866 1
768 219 1
388 630 1
300 44 1
928 635 2
389 553 2
608 165 1
164 615 2
1000 198 1
566 78 2
949 417 2
708 715 1
936 226 2
697 137 2
902 92 2
481 869 1
772 718 2
757 156 1
361 775 1
665 473 1
745 805 2
351 922 2
172 179 2
572 913 1
703 462 1
92 79 1
337 258 1
353 65 2
111 44 1
481 512 2
602 753 1
331 860 2
680 127 2
324 769 1
51 517 2
189 739 1
635 620 1
138 530 1
706 345 2
509 949 2
416 771 2
479 476 1
860 72 1
478 998 2
891 878 2
789 313 2
680 126 2
858 798 2
188 10 2
83 51 1
326 901 1
566 910 2
224 55 1
217 904 1
229 874 1
435 244 1
280 970 2
373 783 1
960 718 2
217 246 1
103 841 2
849 832 2
427 730 1
873 887 1
228 276 2
946 626 2
79 4 1
534 144 2
740 590 1
787 583 1
316 34 1
944 47 1
252 396 1
125 159 2
74 151 1
835 716 1
522 53 1
200 519 2
309 805 2
407 512 1
458 578 1
103 134 1
571 695 2
527 308 1
359 322 2
102 996 2
943 114 2
278 30 2
960 365 2
214 970 1
270 250 1
12 702 2
848 192 2
18 350 2
24 854 2
583 505 2
125 100 1
92 46 2
616 428 2
101 688 2
804 252 2
930 749 2
202 420 2
188 552 2
115 35 2
621 966 2
165 594 1
912 301 2
16 65 1
249 648 1
430 257 1
139 703 1
337 129 2
381 610 2
466 259 2
143 904 2
826 206 2
115 590 2
34 541 1
757 876 1
931 998 2
453 901 1
790 292 2
266 688 2
57 326 2
802 566 1
61 646 2
153 165 1
19 603 1
88 998 2
656 32 1
441 124 1
440 33 1
813 32 1
290 780 2
957 13 1
915 498 2
754 631 2
564 729 1
117 230 2
616 546 2
853 359 2
734 886 2
870 50 1
506 623 2
446 400 1
336 768 1
808 493 2
276 359 2
949 412 2
482 151 2
911 266 2
301 437 2
164 848 1
459 448 1
466 962 2
507 454 1
970 1 1
65 893 2
744 139 1
264 973 2
235 64 1
324 146 1
601 176 1
465 372 2
621 394 2
105 716 2
347 466 1
782 753 1
874 961 1
195 494 2
217 947 2
509 497 1
957 33 2
806 899 2
317 566 1
151 9 1
432 600 1
649 32 2
721 614 2
198 717 1
119 55 1
73 325 1
621 248 1
709 114 2
259 210 1
913 694 1
22 61 1
140 480 2
881 95 2
840 139 1
799 638 2
231 764 1
828 993 2
368 243 1
693 928 1
705 670 2
238 364 2
76 860 1
110 702 2
534 495 1
979 644 1
136 887 1
610 419 1
800 632 1
359 797 2
398 325 2
261 198 2
416 959 1
745 471 2
572 806 1
82 291 1
892 680 1
690 623 2
501 16 2
868 51 1
831 879 2
55 200 1
206 960 1
139 408 2
864 643 1
7 25 1
590 701 2
6 507 1
95 411 2
780 906 2
275 450 1
647 8 1
710 453 2
395 47 1
558 594 1
42 194 1
191 494 2
89 378 2
95 341 2
688 384 1
79 514 1
759 702 1
685 465 1
310 153 2
790 526 2
894 937 1
226 548 2
783 179 1
594 288 1
640 47 1
3 969 1
353 753 1
739 70 2
532 104 2
848 880 2
634 378 1
223 780 2
198 609 2
346 90 2
582 368 1
403 103 1
457 932 1
725 687 2
170 638 2
784 845 2
434 150 1
897 115 2
334 996 2
326 395 1
616 238 2
863 179 1
14 314 2
807 286 2
676 993 1
114 138 1
243 874 1
900 698 1
749 590 1
294 381 2
313 406 2
346 242 1
12 700 2
806 688 2
367 93 2
695 469 2
611 783 2
357 983 1
124 798 2
850 496 2
887 182 2
124 109 1
988 132 1
764 660 1
895 698 2
564 278 2
776 44 1
897 34 2
389 872 2
741 259 1
49 248 2
912 209 1
405 889 1
356 626 2
777 486 2
481 187 1
432 903 1
449 681 1
891 82 1
734 632 1
813 315 1
486 88 2
427 788 1
703 297 2
703 515 1
887 486 2
525 623 1
3 567 1
316 184 1
595 952 1
372 631 2
340 31 1
573 505 2
896 687 1
810 217 1
854 377 1
17 33 1
490 343 2
753 248 2
346 532 1
78 830 2
991 539 1
286 211 2
831 460 2
889 742 1
473 831 2
593 350 2
421 115 2
618 391 2
856 500 1
884 248 1
668 993 2
549 353 2
458 906 2
480 883 2
157 427 1
875 155 1
894 128 2
533 337 1
51 480 1
305 643 1
857 150 2
340 988 2
643 383 1
654 95 1
828 850 2
414 610 1
235 964 2
794 874 1
761 22 1
791 852 2
171 459 1
22 193 2
62 600 1
487 106 1
333 791 2
472 313 2
760 326 1
926 784 1
112 734 1
774 610 1
27 970 2
434 877 2
334 130 1
426 233 2
904 464 2
849 803 2
171 354 1
127 657 2
372 118 1
155 257 1
458 635 2
887 314 1
260 783 1
916 616 1
1 2 3