100 30
35 57 113
19 71 113
42 88 125
62 90 23
37 19 83
43 56 9
12 67 8
64 90 10
19 57 18
12 91 6
83 56 148
19 94 190
56 85 58
12 15 67
18 57 14
45 38 62
57 34 103
82 17 125
56 93 195
60 45 138
86 54 16
68 88 151
78 88 137
50 12 177
44 69 90
65 44 174
12 60 96
57 72 85
51 44 3
76 100 17
49 54 165
62 30 168
84 82 154
82 100 169
89 47 150
68 18 13
24 90 58
89 39 25
36 85 164
68 74 118
100 44 189
85 44 99
100 3 17
16 44 96
68 4 89
54 10 168
57 7 76
31 90 41
59 82 4
20 18 150
57 23 191
12 61 9
18 79 190
88 58 155
88 75 41
81 68 159
18 46 45
28 57 156
98 85 6
47 97 94
54 90 72
56 14 109
62 63 149
26 45 85
57 8 92
90 99 172
12 53 21
48 27 113
55 62 74
21 82 90
2 68 68
6 90 90
33 90 59
1 45 161
19 54 94
80 57 172
68 66 102
68 22 98
48 62 191
88 11 26
92 56 32
73 18 55
48 29 53
89 45 103
68 41 140
5 48 19
96 48 171
90 52 114
56 88 164
25 12 140
40 18 69
87 54 134
100 70 152
82 12 83
82 77 84
32 12 67
19 95 127
9 18 162
90 13 196
32541 177480 194745 74402 39746 146674 176147 102773 162874 78340 98558 47568 12309 64598 65824 142878 23370 187814 196924 185740 166787 95479 151638 42632 105405 35080 26784 176262 57500 65428