100 30
100 63 38
89 55 3
18 54 26
97 36 10
85 5 46
26 18 29
7 22 72
55 97 31
59 3 48
30 33 42
85 3 43
54 92 89
34 72 7
20 68 83
32 37 23
4 58 2
74 7 83
4 25 31
18 66 37
100 82 75
24 55 25
58 14 21
68 58 76
94 29 94
56 58 16
78 3 53
50 85 99
23 7 63
46 66 47
79 35 97
35 68 26
86 66 17
4 95 8
3 32 80
3 70 62
88 3 94
76 55 69
4 33 43
90 68 55
13 100 8
64 7 42
94 21 53
15 7 59
42 68 24
18 12 72
35 99 25
41 35 27
85 45 95
66 98 85
54 55 94
77 58 97
66 67 59
58 43 30
27 58 17
55 84 92
35 39 11
72 33 12
72 83 46
33 1 84
32 80 32
28 3 29
96 94 43
7 10 54
57 68 66
68 62 23
35 7 14
3 47 5
68 40 26
6 58 78
53 58 91
100 8 61
60 58 79
31 7 2
48 85 96
72 94 58
65 68 60
4 52 61
68 61 8
33 91 63
3 2 19
68 75 70
4 11 31
85 97 37
18 16 2
9 33 44
7 49 15
46 71 80
19 55 86
93 4 26
4 38 24
17 7 65
4 44 100
51 55 94
73 4 80
46 100 11
7 32 15
81 85 83
33 87 83
18 69 31
54 86 81 62 43 41 57 61 23 80 90 98 68 66 92 49 19 1 75 15 3 2 55 59 83 5 77 55 4 54