113 13
50 22 9
48 67 38
96 17 38
86 32 35
106 37 2
5 18 32
103 42 19
41 92 27
59 107 41
66 111 39
10 95 30
91 72 41
10 39 40
70 104 25
103 93 8
18 35 24
27 56 14
17 58 25
67 30 12
34 3 28
108 61 18
49 35 6
21 1 2
92 97 8
96 2 16
31 58 6
46 86 13
35 4 35
24 85 21
58 54 16
8 108 28
64 25 39
66 57 24
104 55 16
19 50 17
96 6 33
5 103 36
73 16 1
96 77 1
52 86 27
111 82 29
35 109 38
1 67 19
100 66 29
58 15 27
65 18 10
47 3 23
108 13 28
67 112 23
60 38 21
101 104 35
67 110 25
14 92 27
18 75 34
44 5 25
68 80 5
102 96 32
33 39 36
85 80 29
36 35 7
91 56 33
108 9 36
67 59 28
68 71 21
79 18 10
89 60 18
113 10 10
68 83 15
23 25 9
40 108 25
53 3 29
56 74 27
69 104 18
56 90 10
104 63 2
28 92 39
29 60 36
6 60 26
96 7 15
80 20 32
58 43 21
76 37 23
92 46 22
58 11 16
39 63 16
50 90 24
81 111 17
73 1 7
45 5 32
64 88 34
62 50 23
80 94 7
97 111 1
93 40 24
26 3 39
91 68 16
85 87 31
10 60 40
64 15 7
25 107 7
3 50 42
105 46 24
66 73 31
92 51 1
3 49 13
98 97 27
104 37 4
78 35 15
84 80 29
12 80 12
86 108 14
85 99 42
22 4 1 2 36 16 10 10 6 4 17 8 21