500 1000
118 447 41730
186 395 16088
426 373 6705
233 251 12353
335 394 75475
443 53 30259
257 46 82717
57 10 8147
276 161 15971
146 429 19980
396 468 57617
139 186 91374
335 328 67135
76 496 63397
206 496 36798
184 493 75049
6 193 47962
492 44 14803
388 282 74155
41 127 15807
229 233 79855
220 247 92958
86 479 11360
36 259 454
446 409 46649
212 235 89455
9 142 40672
98 22 71971
215 406 98330
264 428 24657
251 37 35582
465 231 60669
305 67 45428
210 77 54538
196 83 94090
486 3 52924
160 182 16602
111 223 35303
401 339 20888
82 146 71310
134 382 64178
256 147 78092
295 122 56081
436 157 43367
476 240 75189
484 42 61240
224 99 87411
334 3 33573
102 127 94976
221 277 60521
300 293 42232
257 348 3263
483 193 11044
291 337 64116
256 239 15652
144 62 16224
86 372 48094
313 109 48034
169 29 5831
20 448 25339
139 146 72590
421 102 96393
455 370 28601
137 212 46321
139 162 30369
16 238 58843
33 347 43974
417 143 83753
446 94 61478
107 428 34210
405 234 24288
486 219 36170
451 417 6672
125 11 53552
392 172 71078
65 365 74204
343 447 69116
467 338 86551
155 133 33796
259 455 75277
202 403 48459
176 172 51842
392 1 33683
335 422 93170
361 455 44359
233 472 58909
40 256 95016
429 200 34843
345 405 44867
217 282 99326
33 259 69623
173 476 47389
185 86 46319
5 206 49514
315 220 76892
162 255 19033
40 139 4503
15 410 57318
366 381 79436
132 131 23094
198 184 36341
308 386 50781
232 363 9319
255 437 91289
462 427 89325
124 104 71423
496 404 64251
408 338 7954
446 221 4825
414 334 7041
32 391 65996
486 203 26584
346 57 75291
164 121 35760
272 439 88054
93 483 61455
415 91 96111
332 275 32701
299 108 19394
60 292 86626
141 151 97016
114 453 43068
480 116 82868
472 99 8180
121 78 84464
234 484 67929
318 343 8529
468 346 98709
41 407 16954
355 427 86656
78 200 34530
326 91 56771
416 341 68281
347 469 48159
107 441 69505
40 378 51836
380 413 20911
127 372 43039
430 133 53916
191 226 79554
130 106 72985
394 200 30054
203 152 43872
455 417 21288
381 139 20437
496 256 78149
92 442 38304
326 443 42917
430 493 1772
260 173 25387
364 114 41755
401 436 13751
492 52 22958
60 65 46387
120 400 94223
303 430 21113
432 103 57479
428 443 70235
2 145 15407
281 202 63904
207 26 21801
114 190 57143
357 481 58890
128 315 34547
227 326 62613
267 38 7227
285 298 77691
65 403 17886
388 123 21835
92 215 38906
337 191 32458
31 395 48097
46 67 56993
387 8 49380
425 459 15912
170 276 35269
120 383 59525
352 421 51119
121 442 71266
87 34 7132
12 383 62324
114 388 25097
457 360 16710
481 22 75553
169 324 81128
171 61 98126
469 337 26593
444 457 67304
137 482 60719
111 394 58529
130 411 20802
18 48 67187
416 23 97886
315 342 59837
76 45 32379
389 153 97394
399 275 92091
431 67 77207
94 464 81691
489 37 19983
253 23 27386
117 292 76831
397 450 36126
128 111 71639
163 500 29620
432 177 88065
450 339 57896
48 379 61115
218 260 42382
78 291 34708
241 404 90682
449 232 69578
433 156 49901
287 461 91082
472 439 31400
405 135 66590
338 99 32637
48 475 93591
81 266 22340
392 416 63071
158 191 26092
308 239 57687
27 38 15431
277 194 86150
436 36 40396
222 161 6351
465 183 98087
292 219 82445
276 101 91884
220 300 18376
40 298 18062
214 65 44187
365 147 2570
15 181 52393
68 161 83877
36 405 60535
193 58 14522
65 114 17484
52 47 66578
114 133 84161
52 94 26165
447 175 82203
467 227 83395
44 234 67940
379 428 11796
311 413 46396
91 408 40823
448 369 70864
305 187 65348
33 64 71238
369 444 14248
75 60 61460
394 178 81998
462 166 67992
143 125 2099
191 56 7054
461 496 16030
212 90 86687
210 358 62949
385 67 50761
328 287 94217
463 128 30030
215 339 54252
333 279 35727
240 414 77469
40 22 92818
154 446 92094
276 153 28940
188 216 97655
355 408 63347
11 382 52415
51 153 9026
286 163 8800
431 352 50796
382 78 10063
204 393 51592
24 473 30361
314 46 47364
71 324 79691
126 272 94759
461 228 83622
314 235 32621
493 233 88483
431 380 81034
459 302 82377
236 321 42449
219 69 48930
158 92 70606
463 441 84495
455 193 61113
76 95 17186
212 119 54389
224 284 72743
325 232 29980
378 33 12176
208 131 34470
500 41 75280
455 298 65111
154 277 73305
171 34 80590
419 162 8254
357 422 6613
448 111 76684
483 257 91443
255 434 77348
297 264 83694
255 258 41557
192 266 96472
108 373 39556
206 73 62894
355 43 60121
193 218 95827
318 155 92217
446 432 47441
90 385 93011
299 244 89418
172 272 62388
253 149 3371
70 225 37580
403 194 62337
157 359 22203
353 374 88480
314 292 82997
135 367 94803
328 430 34832
220 201 90856
426 234 23198
72 180 94133
233 87 60004
266 340 3004
120 250 41710
149 334 61834
473 291 10556
128 292 9890
283 79 51445
195 241 47640
181 403 26344
46 189 35052
79 339 76603
349 104 70895
3 300 71458
124 342 23468
166 250 24868
139 206 13139
202 14 99393
220 372 84316
215 429 46741
133 314 24580
24 197 67816
16 457 3950
70 446 36087
249 277 97720
52 37 62381
415 71 97184
199 270 99002
70 392 97145
58 96 38289
231 38 48186
81 300 29392
383 284 2964
295 113 54069
194 87 60243
474 388 77479
203 215 11241
192 169 63841
401 213 30052
155 117 12008
355 104 1539
182 283 25479
437 121 32059
387 432 37090
489 362 15917
470 477 61024
38 273 83704
282 250 90658
321 308 7952
488 260 28422
396 343 896
366 177 54422
354 334 13545
319 158 77626
83 483 35444
411 308 33807
155 375 63517
284 6 91135
21 431 86957
89 1 84546
288 389 12202
309 471 2391
439 446 23312
291 392 50614
336 312 62840
391 467 68120
377 418 11794
149 231 30486
298 204 23711
135 219 22746
42 261 66210
277 247 76405
200 370 61964
343 201 77936
192 311 20673
32 458 1808
389 173 72108
280 279 95489
75 235 12157
496 500 47097
298 406 66420
475 343 20101
74 143 56067
380 468 86229
364 74 43113
213 392 3543
239 436 16369
252 68 5364
240 145 43815
385 471 70222
65 192 84062
234 65 13898
382 172 19443
207 424 51467
332 239 24168
273 174 87426
354 437 12263
350 374 84368
273 451 63688
62 453 90508
229 133 22823
248 357 53035
179 263 33532
478 148 37036
81 180 39175
117 404 5105
210 317 73989
216 245 18453
171 44 29692
31 216 81037
24 93 79392
61 498 6320
87 103 38252
359 363 94313
386 4 75440
190 171 99744
18 327 43702
245 420 56530
351 194 12432
135 218 29864
413 419 70512
4 51 95643
216 237 26372
211 339 55586
161 74 5129
261 239 69511
132 234 59079
403 456 63374
375 220 45154
267 337 54534
236 246 53922
466 425 48005
228 482 24779
367 144 79930
177 157 93976
328 369 12087
407 124 75435
186 311 13127
414 9 19092
227 140 68568
428 488 95794
215 154 18131
14 46 28930
399 373 74117
485 280 30700
245 80 57320
472 293 93008
430 164 13044
457 461 80251
140 133 84534
383 366 97766
499 426 49909
59 283 60514
466 385 18471
483 167 81064
126 461 86847
117 382 96880
494 279 74674
87 395 69485
393 185 25534
418 384 26673
74 169 2069
360 16 1382
285 91 65389
144 379 94938
236 479 15884
356 113 43457
454 179 42550
352 59 84481
456 87 32034
457 311 40210
197 435 13524
272 392 94285
249 174 87060
355 52 77048
477 126 9281
59 117 88105
78 467 6534
42 84 85356
482 293 79785
426 38 41579
92 315 33366
361 396 76330
37 125 89527
24 202 53679
429 329 6435
434 99 45293
401 333 59161
95 449 20363
216 341 73691
187 500 33185
93 367 40486
311 73 16615
274 51 49810
81 460 12319
408 75 9853
354 235 57755
413 199 72727
174 272 56084
128 78 22673
357 270 28437
223 30 19592
157 259 83025
371 270 7351
30 161 92806
177 486 26254
184 25 71204
330 477 92439
469 99 92533
72 414 91453
179 288 73237
228 108 85739
378 216 75781
86 391 49458
165 108 59290
406 500 8030
210 88 71627
209 368 70783
288 200 2244
352 498 19934
394 470 29886
91 88 71465
368 309 74585
213 254 8292
116 472 44982
253 421 3330
410 20 2647
12 195 96165
116 268 12968
207 398 39822
88 296 33819
118 389 18554
451 318 8748
91 455 73064
107 221 41869
76 166 42771
412 484 91655
157 226 63133
76 366 22032
132 450 73829
199 387 31977
269 141 58810
267 471 21770
426 336 68079
484 308 81322
475 251 36311
264 130 10695
77 175 45866
211 210 66260
249 338 93702
313 323 57884
5 87 84203
247 160 96545
404 466 83976
289 55 47465
174 475 5894
458 15 39093
88 265 6652
327 491 11566
160 62 46725
352 182 65532
160 414 36343
492 115 30333
141 229 48366
37 389 98961
374 220 74634
360 292 67103
338 78 15629
104 452 45525
377 15 6173
249 100 83357
423 201 75509
496 126 59567
280 455 22935
246 248 33549
451 76 40752
12 303 67537
159 12 59301
35 439 74598
32 404 20392
421 82 31375
1 450 37707
74 214 11257
18 27 44944
143 470 75690
152 58 48787
493 147 74090
60 389 76941
448 25 11651
179 497 28506
36 143 12698
445 163 31129
214 359 86761
411 358 77697
152 316 21991
175 300 20920
494 394 77211
421 152 8564
232 47 1902
264 444 76225
455 153 84069
69 297 68279
13 419 35522
411 485 99692
114 424 50785
236 492 21598
76 221 70451
383 225 7455
38 266 93546
179 229 76445
134 71 27585
201 278 71500
195 286 96745
437 320 81090
239 151 14225
119 393 11537
323 435 12641
434 107 97897
254 60 9548
8 35 39799
12 464 12604
84 283 67711
444 383 99288
189 281 19817
78 60 55424
17 430 93341
273 225 10828
220 415 29913
123 358 1005
79 409 58173
378 215 72917
416 92 94553
203 432 63470
252 39 94575
46 42 28605
253 424 24331
378 195 87192
82 266 40650
477 141 89703
449 290 21707
200 314 23852
78 35 60366
460 414 95585
26 384 89901
242 411 15223
205 141 38640
93 160 61541
377 305 41683
314 163 45929
197 294 92090
385 255 76105
16 130 29449
91 281 85431
281 284 99702
389 15 15518
121 468 26447
394 172 65271
478 137 79355
26 156 47188
499 431 70970
490 453 89887
93 202 97437
132 61 35790
376 39 10452
396 17 80819
488 299 29336
364 343 78068
7 98 55910
298 215 57424
115 370 82675
434 318 44752
322 121 64952
335 198 39624
81 113 34553
193 161 91048
328 137 10930
93 81 97610
255 398 59908
232 86 28853
414 129 74482
221 413 23853
223 346 79967
241 490 16911
434 190 57307
55 153 87516
203 197 13394
135 206 18052
292 373 44390
144 167 90191
434 181 80656
473 352 22792
178 2 7007
46 246 90513
111 468 43918
473 119 139
222 39 61103
252 434 70301
131 181 47735
88 364 42760
461 94 88870
397 117 14637
270 202 22479
310 360 36884
479 179 71074
251 128 77951
123 464 95885
51 418 17853
12 412 54642
143 466 51360
190 125 16620
198 386 91607
74 104 97482
468 436 73840
128 82 37925
215 338 89593
181 254 81578
425 227 93521
391 469 18239
30 177 1730
62 500 89346
84 439 23538
272 62 37217
392 13 37109
212 149 22034
381 454 45085
357 169 49967
265 408 69104
492 33 54887
46 449 27736
421 115 39326
358 426 58451
126 35 21488
150 270 77133
247 414 93017
289 61 91573
69 429 87413
388 20 14033
463 249 10800
30 88 8598
408 279 19199
308 287 45323
219 470 99971
7 126 61444
479 81 44071
61 143 26519
362 445 31821
10 251 40546
435 13 73210
349 294 75855
243 456 74021
358 223 47280
222 485 20406
498 392 72662
241 231 950
36 75 97169
304 73 58347
272 264 33710
269 438 82287
268 427 82582
370 50 35187
9 42 71600
131 77 89285
465 97 77626
412 112 71184
208 171 1406
268 148 13351
422 155 38925
289 134 90826
217 240 39640
413 458 75871
368 435 37495
228 263 37233
362 130 68159
190 377 96419
452 475 91884
54 393 24442
487 110 98355
42 5 75249
263 314 1632
342 267 63989
439 311 97281
282 40 2888
393 478 47414
130 75 99325
300 385 82194
230 251 11670
248 80 31377
440 487 27680
445 202 68479
180 272 3202
190 374 49211
255 455 55290
367 25 2268
339 481 96083
206 190 79004
191 240 99044
316 57 85697
398 287 66648
91 257 35514
275 186 40261
200 74 43432
114 88 48305
270 427 44831
417 137 31993
384 119 23793
421 188 65582
469 493 98084
283 489 96948
396 313 45012
492 331 12529
396 97 33502
472 427 53535
105 291 90395
295 236 46343
426 138 55011
161 28 39770
65 466 32517
313 418 7028
320 417 11844
15 496 67312
331 267 5485
252 306 61032
72 63 84444
456 34 23701
185 152 14923
326 304 40346
41 228 21550
284 97 66777
297 459 33660
30 215 50416
202 430 86174
257 64 44990
90 19 27852
15 16 27486
409 382 72120
186 2 92847
151 146 98388
44 96 77981
358 479 57430
307 331 2212
73 288 38988
79 368 46546
46 497 54121
262 98 61115
395 255 65000
448 281 26653
320 384 35081
73 237 25324
374 147 87901
125 193 69237
121 426 59236
496 494 93168
47 333 97842
246 126 18504
258 325 97403
99 456 31850
492 149 8705
267 306 76493
411 382 24437
196 176 8127
128 41 37242
351 273 14486
9 193 98408
85 28 11607
53 237 10234
322 429 61451
195 276 96190
8 410 57500
343 180 71397
236 418 98252
235 234 32295
240 116 23163
339 32 52879
3 272 4602
253 284 88201
197 380 29223
334 184 61059
498 138 74504
395 436 2440
145 357 68289
149 50 20270
326 223 54722
226 288 32647
334 227 79499
217 277 43364
403 421 9189
57 27 72838
230 200 27909
329 478 65802
228 206 77282
424 124 20330
294 67 74308
338 178 62451
312 188 10845
47 159 98316
158 281 84882
63 84 96631
131 299 31328
407 411 27622
196 230 14284
221 478 81096
116 195 82289
46 105 6413
186 216 631
220 495 30627
154 280 71678
346 257 10153
77 413 48276
343 50 70053
36 441 11601
253 96 23609
125 298 71062
198 473 22673
352 101 70159
415 497 37583
278 162 42893
273 307 3150
128 230 88193
442 350 8214
217 68 75885
291 470 69513
44 241 73453
362 283 24962
485 61 49014
457 214 60371
434 27 57462
268 482 58209
229 417 42706
329 273 83055
207 471 22886
26 179 34941
424 258 5484
292 377 97067
35 412 45333
346 337 32086
475 11 80975
107 139 91521
161 115 16328
300 128 96081
93 149 99348
312 278 60438
494 485 27569
257 106 25197
48 228 75825
307 142 22885
367 224 66928
111 433 43610
49 468 43474
498 378 70827
89 326 81199
444 76 50039
468 44 33597
483 258 79632
96 306 86196
391 22 38075
376 23 44097
121 481 14999
340 343 94720
389 160 83810
106 233 85557
292 167 90566
374 162 22906
20 204 94330
474 401 57649
173 432 50486
341 38 40114
365 37 83731
103 298 78002
321 48 91490
277 50 83812
251 293 96371
420 80 7556
436 193 49431
0 1
82154 90563
72003 3599
40882 61499
28495 39507
84013 88879
31858 79174
43461 50687
36489 10857
42377 33548
5940 46143
81932 42491
69273 84880
80387 70615
19520 35496
76555 58092
52118 47093
95969 84045
1803 44108
32456 75982
29907 97029
30982 85387
13897 87610
26887 13695
67559 24940
31065 16878
17647 16510
25422 47900
75141 71384
2334 26451
15410 76486
93058 45312
47843 21974
99962 34678
68584 40926
1351 66379
40918 20179
83314 14870
88326 81907
99395 90519
29267 41628
69931 87695
81055 19154
33915 92772
45711 54397
77770 95614
6539 12968
32691 36205
33919 36900
32277 46688
27292 87843
75537 28751
46423 12638
62767 65234
37225 32239
79994 37192
75534 21175
16991 61105
61990 49689
44562 76692
535 79614
55753 60538
84233 66063
83519 79569
89801 57406
78162 28011
3750 42237
8709 88284
93207 54692
5567 29791
53747 96016
42218 87985
62231 81823
24917 39508
29924 50965
49043 26669
71806 32538
74330 8999
70574 22170
4548 5902
91297 67332
99473 33685
20135 63435
87012 75505
7988 9960
82657 5499
69155 59765
72309 40754
83406 60115
66382 45366
74391 76774
8223 24238
46307 91572
40733 72547
6009 2409
32965 38595
59687 64982
56051 4416
69501 68685
89548 82830
97424 84135
72022 60200
52889 89950
51098 31467
96627 47124
37577 97433
91969 60906
88372 30872
25157 457
42131 46320
29034 49661
18719 22801
52667 61364
11447 20714
39562 91908
51647 13683
86538 30082
29948 98213
85333 14924
81242 89052
70471 55680
85766 27228
63201 66211
17588 95337
18855 4827
45690 29101
38274 28564
91699 9078
18686 36671
23806 23222
65197 39599
54108 78529
81987 97018
32725 63666
3160 59326
18163 16710
53513 27737
63622 95327
8375 26480
20318 44643
1414 64777
71348 74203
97631 82000
18210 33524
31791 27318
40262 41633
75878 49070
14147 64439
52313 46862
18528 86287
68705 17044
73511 77832
81561 58014
29159 66019
18723 37329
99251 43909
19492 9587
77217 64056
89379 65553
62603 21226
38735 20857
11665 51053
90134 25121
12565 38357
93422 10719
48990 92157
2224 79950
28181 99330
77720 88464
51403 83463
12902 67014
46066 38255
79872 99353
75871 84742
10190 96693
31310 985
98908 53705
17918 81177
53852 79656
50225 81691
73857 50507
29517 61819
34981 85453
93822 53653
3268 31917
95729 21003
65727 52976
21627 25570
20154 88764
90960 36740
510 65470
12396 72479
31896 89701
84397 5413
52728 51940
40695 43338
67507 80980
87279 12297
92897 81904
58625 42304
73951 12215
14810 71983
30318 10894
84846 50973
56179 36219
60531 4434
24245 80299
82916 4574
80738 23437
7423 71505
49066 12052
44711 37473
90338 80409
18627 16840
41699 97655
17885 54083
82120 33133
15781 51507
96212 21728
3947 12352
58313 98102
84456 71953
80018 80412
62006 82293
1178 76929
46835 12798
94099 73848
41378 31040
99888 39834
43370 41590
32715 66402
36085 24958
19808 12912
84082 27512
34575 93798
28787 3947
16990 65582
40912 25376
39093 59506
66850 99909
97 26721
24361 99051
84594 98353
16839 78344
46588 35832
50562 59797
80857 82034
23174 60145
88357 11806
19553 24157
93121 90017
12933 16351
44338 78689
29769 63487
50975 47755
10921 73516
49590 87470
72737 30840
80839 1118
24790 22615
69863 19314
16493 22949
21038 3654
78098 28381
36345 6233
91218 67554
24970 76880
55361 60154
48899 35889
96437 39598
37743 62633
44169 40908
9113 70183
48156 37797
28722 17759
91503 34511
71023 16040
13802 84484
26345 16094
27224 9409
66812 90912
64454 14632
46760 42707
9640 58718
17395 86269
8020 68910
7077 36011
62020 9124
58122 22284
50585 86035
54068 20308
99475 73679
80438 634
69658 55764
66218 53050
62136 55613
77452 82388
41052 558
93501 37642
91160 40747
98433 46406
9924 97374
53953 67250
23418 57781
21545 44030
1752 88833
53643 46078
47873 68952
42939 93193
89467 82932
53809 10107
41970 81202
13131 77075
62676 98612
7304 99126
62483 87775
71437 70987
67559 72958
62339 80861
73 86557
78903 35420
94265 70479
45913 17979
1081 79977
78142 8468
25807 24772
25791 86496
14791 13151
80600 40639
81934 94842
6761 95414
88185 43164
68599 85644
18972 41614
52620 68908
91059 6142
47763 22118
49852 2429
27646 11693
27195 2818
90752 66555
16853 96356
4371 59689
83254 14788
6611 60503
46155 86241
57696 54890
63592 6561
43936 88585
13219 51311
34171 10687
26263 83447
91230 2428
68482 43436
15608 69940
48840 97123
16800 7614
57006 72885
82701 79798
62655 45857
97916 94972
60522 58855
71406 27699
22210 21326
38695 29154
79293 48000
9328 59830
81045 72680
17878 78302
48170 46907
90153 68398
74174 24492
59294 26333
9848 9494
68333 16936
53954 96854
8436 24108
46891 93326
39122 36623
50310 45284
56012 71096
712 79649
21932 70226
76238 6290
7165 29933
70773 29770
95216 97213
34880 44574
15834 4697
11605 99495
45364 12157
6912 34820
94042 37289
57935 42870
88492 30112
12468 5442
37136 7274
6470 24978
99726 51986
87201 96660
76722 68328
43361 5305
9454 92000
15403 29720
20501 20977
91396 98025
37697 84760
80664 50250
65134 56402
68020 79133
59933 47301
80300 75976
27026 59608
3799 24596
8566 11574
76590 76238
96949 49967
15024 97801
93153 51895
36672 63290
12718 31750
36262 89338
13076 1206
8618 84776
21104 97928
13468 89797
6499 12927
27375 83894
75986 86498
5337 73637
96004 73759
10709 57408
52711 515
41953 78713
34027 28931
84832 83172
77381 15286
58969 95804
95405 57081
99030 70719
79713 23881
92358 95629
35840 31660
40028 3373
3504 51689
10958 12711
18840 79467
44854 14443
56231 85507
65940 14153
92363 20547
6218 39959
35866 78979
79327 43503
43373 9791
85309 33293
65760 59799
8243 99029
42835 95470
68115 77835
83660 48044
57013 86074
57395 69884
70802 50670
83317 72431
25066 17401
88641 5879
1695 38770
74766 92108
10103 20337
31763 45866
26590 79412
22413 401
1026 49566
33437 9028
72501 6866
63047 88427
94254 36028
68468 594
67560 83881
64305 84999
70178 5386
50382 22495
77469 95733
31808 94833
87458 77796
37311 39130
21817 35988
16296 62232
65202 56998
95165 55247
19456 17474
6688 40295
75386 88783
66843 16171
1432 8348
89660 83339
48412 89691
89009 33116
34406 17665
